lambda_nm,Rs,Ts,Rp,Tp
800,0.37962,0.145556,0.412804,0.221878
798.005,0.452023,0.121662,0.467035,0.180829
796.02,0.388668,0.135077,0.402149,0.177786
794.045,0.264742,0.180682,0.327227,0.222947
792.079,0.116213,0.240002,0.163461,0.30622
790.123,0.134589,0.235819,0.162927,0.334333
788.177,0.304439,0.182176,0.310825,0.282752
786.241,0.388337,0.159139,0.402912,0.239057
784.314,0.41033,0.14883,0.422132,0.203606
782.396,0.353427,0.167602,0.360713,0.249826
780.488,0.195159,0.223796,0.215938,0.293022
778.589,0.0914467,0.257546,0.101652,0.306226
776.699,0.218276,0.206696,0.207726,0.274602
774.818,0.345894,0.158529,0.341394,0.215198
772.947,0.400724,0.131458,0.400139,0.185266
771.084,0.392028,0.128987,0.396892,0.177835
769.231,0.286254,0.151922,0.332096,0.201741
767.386,0.151877,0.210419,0.202214,0.240783
765.55,0.134595,0.219284,0.151497,0.254818
763.723,0.265799,0.170584,0.268769,0.202453
761.905,0.374773,0.131216,0.371365,0.166519
760.095,0.401981,0.10826,0.401467,0.152998
758.294,0.347293,0.121333,0.372976,0.152749
756.501,0.236923,0.15535,0.267173,0.173801
754.717,0.143754,0.191067,0.140524,0.20213
752.941,0.200503,0.180873,0.168931,0.18896
751.174,0.325226,0.146663,0.294702,0.151619
749.415,0.394812,0.123123,0.373247,0.122924
747.664,0.385821,0.117798,0.381725,0.115589
745.921,0.321947,0.134147,0.305388,0.135333
744.186,0.198531,0.164345,0.182551,0.169517
742.459,0.165332,0.168026,0.138044,0.179187
740.741,0.263809,0.143151,0.240158,0.144126
739.03,0.343897,0.118363,0.346597,0.109889
737.327,0.36591,0.112066,0.371998,0.109759
735.632,0.32959,0.112036,0.333339,0.12825
733.945,0.241717,0.135684,0.242355,0.152468
732.265,0.166308,0.160499,0.143632,0.182331
730.594,0.220506,0.15752,0.189931,0.187268
728.929,0.309763,0.135618,0.305546,0.163028
727.273,0.354611,0.117221,0.366427,0.147508
725.624,0.34366,0.105499,0.3576,0.154029
723.982,0.283541,0.124038,0.288948,0.173025
722.348,0.193797,0.150805,0.18234,0.197584
720.721,0.17201,0.152877,0.157915,0.191275
719.101,0.25524,0.129886,0.251783,0.15817
717.489,0.331371,0.10788,0.341305,0.139492
715.884,0.356662,0.0988919,0.366505,0.12863
714.286,0.318519,0.106232,0.332928,0.13264
712.695,0.218264,0.126031,0.267281,0.150611
711.111,0.147597,0.134809,0.193287,0.161558
709.534,0.214005,0.114206,0.233148,0.150119
707.965,0.306156,0.0897508,0.328932,0.12889
706.402,0.345244,0.0797941,0.358998,0.115987
704.846,0.315806,0.0851352,0.325404,0.120283
703.297,0.238131,0.100509,0.254054,0.131629
701.754,0.173296,0.111663,0.184392,0.133353
700.219,0.200469,0.102773,0.209476,0.117436
698.69,0.281916,0.0847222,0.286941,0.0953832
697.168,0.32868,0.0742547,0.340838,0.0873116
695.652,0.3225,0.0758566,0.349438,0.0903696
694.143,0.264754,0.0864497,0.297929,0.101784
692.641,0.197324,0.100245,0.217929,0.114246
691.145,0.200853,0.102652,0.199866,0.113582
689.655,0.272705,0.0907541,0.263505,0.0999437
688.172,0.332785,0.0790852,0.327886,0.0873509
686.695,0.343274,0.0791541,0.3448,0.0816436
685.225,0.299489,0.0899829,0.303713,0.0867124
683.761,0.226738,0.10228,0.226504,0.100327
682.303,0.198804,0.101704,0.18903,0.106011
680.851,0.267544,0.0868834,0.243213,0.0944265
679.406,0.336865,0.0770567,0.316574,0.0769894
677.966,0.34657,0.0817366,0.338138,0.06874
676.533,0.299372,0.0936494,0.293976,0.072619
675.105,0.234244,0.106058,0.228283,0.0861855
673.684,0.209963,0.108506,0.196899,0.0900208
672.269,0.260703,0.0988553,0.251889,0.0819564
670.86,0.314236,0.0898263,0.316801,0.0723128
669.456,0.325768,0.085342,0.332004,0.0703948
668.058,0.288558,0.0861347,0.295688,0.0756098
666.667,0.230208,0.0922468,0.232539,0.0831132
665.281,0.215153,0.0934382,0.210697,0.0873353
663.9,0.260828,0.0845269,0.264195,0.0824467
662.526,0.305246,0.0751733,0.318341,0.076189
661.157,0.309093,0.0703676,0.325453,0.0757529
659.794,0.273949,0.0698511,0.288233,0.0801858
658.436,0.229503,0.071411,0.236702,0.0872765
657.084,0.221415,0.0693227,0.227842,0.0893272
655.738,0.263913,0.0617459,0.278158,0.0821666
654.397,0.30548,0.0548184,0.325521,0.0732842
653.061,0.310961,0.0529357,0.327369,0.0689231
651.731,0.276476,0.0550428,0.287948,0.0707099
650.407,0.225728,0.0587284,0.241742,0.075407
649.087,0.216751,0.0579194,0.23797,0.0750954
647.773,0.263355,0.0512081,0.283304,0.0701638
646.465,0.30704,0.0453586,0.320355,0.0662668
645.161,0.306474,0.0444522,0.318921,0.064813
643.863,0.264634,0.0478887,0.281754,0.0665555
642.57,0.221923,0.0512394,0.243359,0.0683395
641.283,0.231599,0.0494657,0.255614,0.0656067
640,0.279057,0.0445261,0.299719,0.0604051
638.723,0.30716,0.0417193,0.32256,0.0584367
637.45,0.293858,0.0427805,0.304847,0.0614899
636.183,0.255241,0.0463099,0.258439,0.0664867
634.921,0.231239,0.0491308,0.231203,0.0677437
633.663,0.251981,0.0481588,0.255431,0.0632832
632.411,0.288901,0.0455415,0.296972,0.0569187
631.164,0.30016,0.0443761,0.308699,0.0505537
629.921,0.282231,0.0460731,0.285791,0.0463986
628.684,0.256892,0.0478417,0.25364,0.0429209
627.451,0.250237,0.0474497,0.246539,0.0385479
626.223,0.267305,0.0445184,0.26892,0.0334869
625,0.28775,0.0431789,0.293314,0.0310503
623.782,0.289599,0.042663,0.295523,0.0300325
622.568,0.27326,0.0425983,0.274874,0.0303291
621.359,0.258575,0.0416873,0.25197,0.0308974
620.155,0.268381,0.0392095,0.255006,0.0301444
618.956,0.295273,0.0348691,0.281025,0.0271537
617.761,0.309192,0.0315329,0.296698,0.024642
616.57,0.297984,0.0300114,0.287422,0.0236028
615.385,0.273989,0.0295619,0.265073,0.0233312
614.203,0.262514,0.0289269,0.25474,0.0226059
613.027,0.274312,0.0276806,0.268729,0.02141
611.855,0.290853,0.0259958,0.288873,0.020383
610.687,0.291174,0.0246386,0.291695,0.020249
609.524,0.274487,0.0239934,0.27557,0.0210429
608.365,0.258777,0.02341,0.259371,0.0219663
607.211,0.262609,0.0223571,0.26329,0.0224159
606.061,0.280145,0.0210096,0.282621,0.0224334
604.915,0.290181,0.0198683,0.295041,0.022556
603.774,0.281647,0.0192448,0.287796,0.0234745
602.637,0.263413,0.018921,0.268301,0.0253216
601.504,0.255904,0.0180917,0.258148,0.0269963
600.375,0.268084,0.0163183,0.269958,0.0271869
599.251,0.283511,0.0147088,0.287136,0.0268695
598.131,0.285108,0.0137079,0.289765,0.026528
597.015,0.273212,0.0132066,0.276659,0.0259964
595.903,0.262191,0.0126929,0.264443,0.0247581
594.796,0.265244,0.011669,0.268907,0.0225064
593.692,0.27722,0.0105837,0.283558,0.0201468
592.593,0.283125,0.0097992,0.291051,0.0181665
591.497,0.277701,0.00941286,0.284786,0.0166719
590.406,0.269004,0.00923288,0.272949,0.0153825
589.319,0.267416,0.00964752,0.268018,0.0148311
588.235,0.27552,0.00993134,0.275248,0.0139589
587.156,0.283625,0.0102076,0.285075,0.012962
586.081,0.28292,0.0106638,0.286012,0.0121373
585.009,0.275619,0.0113616,0.277935,0.0115513
583.942,0.271522,0.0127125,0.271108,0.0116635
582.878,0.277582,0.0140411,0.275052,0.0118302
581.818,0.288184,0.0152195,0.285246,0.0119127
580.762,0.291225,0.0166065,0.288272,0.0121873
579.71,0.284059,0.0182954,0.279316,0.0128581
578.662,0.278781,0.0185354,0.26966,0.0124164
577.617,0.287097,0.0180321,0.273922,0.0112492
576.577,0.299144,0.0176407,0.284949,0.0100576
575.54,0.300053,0.0174652,0.2881,0.00913408
574.506,0.289286,0.0173938,0.280925,0.00848927
573.477,0.279376,0.0170833,0.273995,0.00782126
572.451,0.279863,0.0163602,0.276092,0.00702676
571.429,0.286236,0.0153581,0.282918,0.00628681
570.41,0.28861,0.0142661,0.285719,0.00571158
569.395,0.284261,0.0132351,0.282412,0.00530039
568.384,0.278623,0.0125541,0.277755,0.00521664
567.376,0.277971,0.0124382,0.277277,0.00569842
566.372,0.283401,0.0119042,0.282366,0.00619957
565.371,0.287346,0.0110737,0.286377,0.00675181
564.374,0.283927,0.0101445,0.283716,0.00739259
563.38,0.277422,0.00884624,0.278143,0.0077329
562.39,0.277481,0.00661235,0.278567,0.00690295
561.404,0.282168,0.00490094,0.283037,0.00614249
560.42,0.284392,0.00373317,0.284888,0.00549784
559.441,0.282351,0.002983,0.28258,0.00493492
558.464,0.279934,0.00250659,0.280091,0.00444396
557.491,0.280058,0.00284658,0.280483,0.00504621
556.522,0.283527,0.00323423,0.284802,0.00565527
555.556,0.285908,0.00368709,0.288382,0.00632335
554.593,0.283329,0.00426518,0.286481,0.00714749
553.633,0.27887,0.00499847,0.281247,0.00818885
552.677,0.281034,0.00400583,0.281135,0.00674551
551.724,0.285242,0.00312088,0.284241,0.0052268
550.775,0.285971,0.00261756,0.285488,0.00401691
549.828,0.284182,0.00240509,0.284907,0.0030554
548.885,0.283202,0.00239495,0.284722,0.00229475
547.945,0.284111,0.00287311,0.28556,0.00203485
547.009,0.286136,0.00363221,0.286675,0.00193705
546.075,0.287537,0.00450573,0.28677,0.00183252
545.145,0.287954,0.00546827,0.2859,0.00171862
544.218,0.288995,0.00647331,0.285595,0.00159613
543.294,0.291822,0.00727073,0.286697,0.00139601
542.373,0.295149,0.00782045,0.287941,0.00116693
541.455,0.297351,0.00825159,0.288066,0.000979829
540.541,0.298658,0.0085428,0.28753,0.000828176
539.629,0.300346,0.00868868,0.287552,0.000705387
538.721,0.302996,0.0089497,0.28835,0.000653513
537.815,0.30614,0.0094339,0.289152,0.000678864
536.913,0.308652,0.00981392,0.289137,0.000712191
536.013,0.3106,0.0100871,0.288638,0.00075176
535.117,0.312811,0.0102671,0.288815,0.000794774
534.224,0.315482,0.0103816,0.289893,0.000836346
533.333,0.317796,0.0104381,0.29062,0.000865362
532.446,0.319457,0.0105341,0.290117,0.000898783
531.561,0.321738,0.0106936,0.289613,0.000935276
530.68,0.325544,0.0109364,0.290488,0.000973671
529.801,0.329203,0.0111609,0.291814,0.000982737
528.926,0.329104,0.0106338,0.291674,0.000761614
528.053,0.328469,0.0103001,0.29116,0.000596719
527.183,0.328501,0.0101457,0.291397,0.000474213
526.316,0.328819,0.0101252,0.292062,0.000385107
525.452,0.328536,0.010165,0.292426,0.000322239
524.59,0.328222,0.0106739,0.292476,0.000328238
523.732,0.327553,0.0111733,0.292536,0.000347137
522.876,0.327023,0.0115752,0.292851,0.000374803
522.023,0.326736,0.0118341,0.293215,0.000410121
521.173,0.326656,0.0119185,0.293378,0.000451988
520.325,0.326947,0.0117541,0.293473,0.00049264
519.481,0.327803,0.0113965,0.293785,0.000534081
518.639,0.329018,0.0109159,0.29429,0.000577991
517.799,0.33022,0.0103524,0.294734,0.000622953
516.963,0.331311,0.00974284,0.294992,0.000668146
516.129,0.332685,0.00925437,0.29516,0.000739067
515.298,0.334389,0.00885985,0.295285,0.00083336
514.469,0.336041,0.00848503,0.295304,0.00093304
513.644,0.337423,0.0081621,0.295252,0.00103924
512.821,0.338612,0.00791653,0.295392,0.00115298
512,0.339294,0.00757568,0.295978,0.00120802
511.182,0.339101,0.00704173,0.29686,0.00115828
510.367,0.338848,0.00663159,0.297751,0.00111917
509.554,0.338521,0.00631324,0.298545,0.0010892
508.744,0.33813,0.00605938,0.299184,0.00106684
507.937,0.337995,0.00597533,0.29966,0.00109158
507.132,0.338997,0.00645711,0.300224,0.00129945
506.329,0.340031,0.00699743,0.301462,0.00163636
505.529,0.340499,0.00757641,0.301612,0.00196189
504.732,0.340711,0.00817476,0.301791,0.00231017
503.937,0.340766,0.00869754,0.302135,0.00264715
503.145,0.340366,0.00844554,0.302571,0.00263126
502.355,0.340367,0.00810945,0.303227,0.0025802
501.567,0.34074,0.00770764,0.304112,0.00249969
500.782,0.341315,0.00726262,0.305168,0.00239833
500,0.341905,0.00679759,0.306315,0.00228634
499.22,0.342879,0.00657687,0.30762,0.00229667
498.442,0.34384,0.00637255,0.308897,0.00231943
497.667,0.344637,0.00616273,0.309984,0.00234433
496.894,0.345214,0.00596189,0.310772,0.00237895
496.124,0.34558,0.00578238,0.311232,0.00242889
495.356,0.345496,0.0055398,0.311282,0.00244101
494.59,0.345151,0.00530834,0.311009,0.00244878
493.827,0.344705,0.00512934,0.310533,0.00247217
493.066,0.344211,0.00500042,0.309997,0.00250692
492.308,0.343701,0.00491667,0.309552,0.00254808
491.551,0.343277,0.00490609,0.309338,0.00261673
490.798,0.342882,0.00494941,0.309396,0.00270084
490.046,0.342473,0.00501004,0.309732,0.00277678
489.297,0.342116,0.00507274,0.310341,0.00283897
488.55,0.341878,0.00512171,0.311185,0.00288265
487.805,0.341787,0.00511541,0.312199,0.00288453
487.062,0.341908,0.00503002,0.313347,0.00283318
486.322,0.342339,0.00490683,0.314621,0.00276054
485.584,0.343036,0.00475077,0.315962,0.00267096
484.848,0.343898,0.00457012,0.317289,0.00257073
484.115,0.344685,0.00432181,0.318453,0.00243163
483.384,0.344974,0.003933,0.319206,0.0022065
482.655,0.34496,0.00357715,0.319631,0.00201212
481.928,0.344599,0.00325562,0.319694,0.00184723
481.203,0.3439,0.00296749,0.319402,0.0017086
480.48,0.343113,0.00275321,0.318907,0.00162172
479.76,0.343119,0.00276969,0.318671,0.00170073
479.042,0.342917,0.00279427,0.318238,0.00179287
478.326,0.342548,0.00282964,0.317704,0.00189802
477.612,0.342063,0.00287788,0.317179,0.00201483
476.9,0.341511,0.00294005,0.31677,0.00214074
476.19,0.338697,0.00242223,0.315518,0.00175181
475.483,0.336357,0.00198803,0.314745,0.0014245
474.777,0.334424,0.00162487,0.314387,0.00115164
474.074,0.332817,0.00132279,0.314371,0.000926529
473.373,0.33145,0.00107332,0.314621,0.00074273
472.674,0.331158,0.00100779,0.315484,0.000704405
471.976,0.331223,0.000991568,0.316639,0.00070381
471.281,0.331314,0.000973843,0.317897,0.000700893
470.588,0.331403,0.000954986,0.319198,0.000696388
469.897,0.331463,0.000935509,0.320475,0.000691148
469.208,0.331105,0.000867339,0.321426,0.00064594
468.521,0.330415,0.000771648,0.32202,0.000578177
467.836,0.329692,0.000686491,0.322395,0.000519219
467.153,0.32897,0.000610433,0.322532,0.000467843
466.472,0.328288,0.000542188,0.322426,0.000422878
465.793,0.327947,0.000506622,0.322287,0.000405833
465.116,0.327982,0.000503733,0.322133,0.000418443
464.441,0.328079,0.000499981,0.321717,0.000432259
463.768,0.328243,0.00049513,0.321069,0.000447079
463.097,0.328467,0.000488964,0.320256,0.00046252
462.428,0.32871,0.000479616,0.31938,0.000476018
461.76,0.328903,0.000463984,0.318577,0.000483003
461.095,0.329038,0.000447248,0.318007,0.000488058
460.432,0.329062,0.00042972,0.317744,0.000491174
459.77,0.32893,0.000411827,0.3178,0.000492431
459.11,0.328606,0.000393203,0.318183,0.000490602
458.453,0.328051,0.000370087,0.318928,0.000479816
457.797,0.327313,0.000348585,0.320073,0.000466198
457.143,0.326426,0.000328932,0.321615,0.000449912
456.491,0.325452,0.000311167,0.323479,0.000432151
455.84,0.324483,0.000295116,0.325528,0.000415102
455.192,0.323624,0.00027798,0.327589,0.000398369
454.545,0.323017,0.000261677,0.329436,0.000386687
453.901,0.322769,0.000245718,0.330893,0.000380324
453.258,0.32294,0.000229529,0.331858,0.000377954
452.617,0.323526,0.000212746,0.332305,0.00037765
451.977,0.324413,0.00017765,0.331974,0.000346469
451.34,0.325471,0.000143404,0.33124,0.000310669
450.704,0.326546,0.000114353,0.330279,0.000277242
450.07,0.327508,9.02159e-05,0.329168,0.000246279
449.438,0.328269,7.05447e-05,0.327962,0.000217937
448.808,0.328876,5.93526e-05,0.326857,0.000207351
448.179,0.329265,5.21834e-05,0.325808,0.000206007
447.552,0.329394,4.57448e-05,0.324825,0.000204182
446.927,0.329315,4.00239e-05,0.324062,0.000201725
446.304,0.329113,3.49609e-05,0.323698,0.000198304
445.682,0.328904,2.85764e-05,0.323879,0.000183113
445.063,0.328831,2.18004e-05,0.324708,0.000159069
444.444,0.328958,1.64383e-05,0.326138,0.000137281
443.828,0.329299,1.22191e-05,0.327967,0.000118179
443.213,0.329827,8.93676e-06,0.329942,0.000102
442.6,0.330492,6.54726e-06,0.331898,9.01061e-05
441.989,0.331245,4.91249e-06,0.333754,8.31099e-05
441.379,0.331991,3.64179e-06,0.335316,7.74498e-05
440.771,0.332673,2.67791e-06,0.336512,7.28868e-05
440.165,0.33326,1.96418e-06,0.337274,6.91565e-05
439.56,0.33376,1.41331e-06,0.337522,6.50468e-05
438.957,0.33421,9.48599e-07,0.337185,5.84519e-05
438.356,0.334638,6.49465e-07,0.336428,5.24414e-05
437.756,0.335074,4.59193e-07,0.335409,4.68736e-05
437.158,0.335539,3.38162e-07,0.334321,4.17091e-05
436.562,0.336036,2.62717e-07,0.333353,3.72318e-05
435.967,0.336544,2.49747e-07,0.332659,3.69478e-05
435.374,0.337069,2.3788e-07,0.332274,3.65668e-05
434.783,0.337596,2.23846e-07,0.332271,3.61086e-05
434.193,0.338111,2.05862e-07,0.332665,3.55824e-05
433.604,0.338608,1.8343e-07,0.333415,3.49864e-05
433.018,0.339138,1.4444e-07,0.334498,3.23108e-05
432.432,0.339669,1.06506e-07,0.33578,2.93561e-05
431.849,0.340201,7.40831e-08,0.337177,2.65707e-05
431.267,0.340736,4.8037e-08,0.338634,2.39531e-05
430.686,0.341274,2.87506e-08,0.340101,2.15069e-05
430.108,0.341819,1.59502e-08,0.34152,1.92372e-05
429.53,0.342364,9.00528e-09,0.34279,1.71607e-05
428.954,0.342904,6.79758e-09,0.343787,1.52936e-05
428.38,0.343439,7.95314e-09,0.344395,1.36438e-05
427.807,0.343972,1.10892e-08,0.344547,1.22051e-05
427.236,0.344525,1.51179e-08,0.344269,1.09808e-05
426.667,0.345102,1.91223e-08,0.343649,9.93334e-06
426.099,0.345676,2.21888e-08,0.342842,8.99143e-06
425.532,0.346244,2.38988e-08,0.342065,8.12004e-06
424.967,0.346808,2.41623e-08,0.341534,7.29446e-06
424.403,0.347374,2.25661e-08,0.341449,6.3325e-06
423.841,0.347949,1.91741e-08,0.341939,5.18775e-06
423.28,0.348522,1.56222e-08,0.34293,4.22145e-06
422.721,0.349093,1.22623e-08,0.344276,3.42403e-06
422.164,0.349662,9.29777e-09,0.345776,2.77987e-06
421.607,0.350237,6.80784e-09,0.347252,2.2676e-06
421.053,0.350845,4.77655e-09,0.348606,1.86443e-06
420.499,0.351453,3.21014e-09,0.349718,1.5436e-06
419.948,0.352062,2.05215e-09,0.350575,1.2858e-06
419.397,0.352673,1.23753e-09,0.3512,1.07618e-06
418.848,0.353291,7.01604e-10,0.351638,9.07308e-07
418.301,0.353943,3.81347e-10,0.351971,7.95758e-07
417.755,0.354598,2.17682e-10,0.352198,6.98814e-07
417.21,0.355254,1.6629e-10,0.352375,6.13944e-07
416.667,0.355912,1.8403e-10,0.352558,5.39312e-07
416.125,0.356572,2.33524e-10,0.352801,4.7361e-07
415.584,0.357267,2.82432e-10,0.353185,4.05223e-07
415.045,0.357963,3.21296e-10,0.353711,3.46529e-07
414.508,0.358659,3.60614e-10,0.354386,2.96858e-07
413.972,0.35935,4.30225e-10,0.3552,2.55032e-07
413.437,0.360035,5.74477e-10,0.356126,2.19926e-07
412.903,0.360752,8.06258e-10,0.357168,1.80798e-07
412.371,0.361475,1.17776e-09,0.35823,1.46628e-07
411.84,0.362195,1.7207e-09,0.35923,1.19324e-07
411.311,0.362916,2.43734e-09,0.360111,9.72952e-08
410.783,0.36364,3.31323e-09,0.360837,7.93697e-08
410.256,0.364394,4.34968e-09,0.361427,6.44132e-08
409.731,0.365178,5.52227e-09,0.361915,5.19657e-08
409.207,0.365954,6.75191e-09,0.362334,4.19395e-08
408.685,0.366714,7.98775e-09,0.362754,3.3909e-08
408.163,0.367451,9.1814e-09,0.363229,2.75057e-08
407.643,0.368189,1.04802e-08,0.363816,2.2693e-08
407.125,0.368964,1.21721e-08,0.364551,1.93693e-08
406.607,0.369724,1.381e-08,0.365358,1.65947e-08
406.091,0.370485,1.5349e-08,0.366163,1.42481e-08
405.577,0.371281,1.67744e-08,0.366798,1.32786e-08
405.063,0.372138,1.78039e-08,0.36819,1.30945e-08
404.551,0.373039,1.76521e-08,0.369168,1.07767e-08
404.04,0.373995,1.72819e-08,0.369985,8.74075e-09
403.531,0.375004,1.67352e-08,0.370693,7.06306e-09
403.023,0.376049,1.60493e-08,0.371344,5.70716e-09
402.516,0.377106,1.52579e-08,0.371986,4.61924e-09
402.01,0.378268,1.37124e-08,0.372768,3.49333e-09
401.506,0.379382,1.22059e-08,0.373615,2.64676e-09
401.003,0.380419,1.07851e-08,0.374526,2.01345e-09
400.501,0.381361,9.4653e-09,0.375486,1.53738e-09
400,0.382206,8.25517e-09,0.376468,1.17772e-09
