

lambda(m), Y
8e-07, 0.286985
7.98005e-07, 0.315652
7.9602e-07, 0.389746
7.94045e-07, 0.303165
7.92079e-07, 0.30223
7.90123e-07, 0.38652
7.88177e-07, 0.31804
7.86241e-07, 0.293264
7.84314e-07, 0.380953
7.82396e-07, 0.33057
7.80488e-07, 0.288472
7.78589e-07, 0.374169
7.76699e-07, 0.340418
7.74818e-07, 0.287097
7.72947e-07, 0.367086
7.71084e-07, 0.347678
7.69231e-07, 0.288195
7.67386e-07, 0.360387
7.6555e-07, 0.352664
7.63723e-07, 0.290854
7.61905e-07, 0.354528
7.60095e-07, 0.355776
7.58294e-07, 0.29432
7.56501e-07, 0.349759
7.54717e-07, 0.357421
7.52941e-07, 0.298042
7.51174e-07, 0.346168
7.49415e-07, 0.357958
7.47664e-07, 0.301661
7.45921e-07, 0.343724
7.44186e-07, 0.357686
7.42459e-07, 0.304981
7.40741e-07, 0.342325
7.3903e-07, 0.356831
7.37327e-07, 0.307928
7.35632e-07, 0.341828
7.33945e-07, 0.355553
7.32265e-07, 0.310514
7.30594e-07, 0.342075
7.28929e-07, 0.353957
7.27273e-07, 0.312812
7.25624e-07, 0.342903
7.23982e-07, 0.352102
7.22348e-07, 0.314931
7.20721e-07, 0.34415
7.19101e-07, 0.350024
7.17489e-07, 0.317002
7.15884e-07, 0.345654
7.14286e-07, 0.347746
7.12695e-07, 0.319162
7.11111e-07, 0.347249
7.09534e-07, 0.345301
7.07965e-07, 0.321539
7.06402e-07, 0.348763
7.04846e-07, 0.342747
7.03297e-07, 0.324233
7.01754e-07, 0.350022
7.00219e-07, 0.340183
6.9869e-07, 0.327301
6.97168e-07, 0.350855
6.95652e-07, 0.337759
6.94143e-07, 0.330732
6.92641e-07, 0.351109
6.91145e-07, 0.335675
6.89655e-07, 0.334433
6.88172e-07, 0.350677
6.86695e-07, 0.334168
6.85225e-07, 0.338222
6.83761e-07, 0.349527
6.82303e-07, 0.333478
6.80851e-07, 0.341835
6.79406e-07, 0.347734
6.77966e-07, 0.333788
6.76533e-07, 0.344957
6.75105e-07, 0.345507
6.73684e-07, 0.335164
6.72269e-07, 0.347274
6.7086e-07, 0.343193
6.69456e-07, 0.337495
6.68058e-07, 0.348544
6.66667e-07, 0.341234
6.65281e-07, 0.340465
6.639e-07, 0.348679
6.62526e-07, 0.340086
6.61157e-07, 0.343592
6.59794e-07, 0.347816
6.58436e-07, 0.340075
6.57084e-07, 0.346315
6.55738e-07, 0.346339
6.54397e-07, 0.34127
6.53061e-07, 0.348149
6.51731e-07, 0.344833
6.50407e-07, 0.343397
6.49087e-07, 0.348842
6.47773e-07, 0.343922
6.46465e-07, 0.345886
6.45161e-07, 0.348498
6.43863e-07, 0.34405
6.4257e-07, 0.348054
6.41283e-07, 0.347585
6.4e-07, 0.345265
6.38723e-07, 0.349362
6.3745e-07, 0.34679
6.36183e-07, 0.347169
6.34921e-07, 0.349662
6.33663e-07, 0.346727
6.32411e-07, 0.349075
6.31164e-07, 0.349279
6.29921e-07, 0.347618
6.28684e-07, 0.350361
6.27451e-07, 0.348864
6.26223e-07, 0.349162
6.25e-07, 0.350803
6.23782e-07, 0.34903
6.22568e-07, 0.35072
6.21359e-07, 0.350704
6.20155e-07, 0.349968
6.18956e-07, 0.351732
6.17761e-07, 0.350679
6.1657e-07, 0.351336
6.15385e-07, 0.352092
6.14203e-07, 0.35121
6.13027e-07, 0.352542
6.11855e-07, 0.352196
6.10687e-07, 0.352287
6.09524e-07, 0.353227
6.08365e-07, 0.352581
6.07211e-07, 0.353463
6.06061e-07, 0.353539
6.04915e-07, 0.353449
6.03774e-07, 0.3543
6.02637e-07, 0.353936
6.01504e-07, 0.354526
6.00375e-07, 0.354779
5.99251e-07, 0.354706
5.98131e-07, 0.355404
5.97015e-07, 0.355251
5.95903e-07, 0.355696
5.94796e-07, 0.355987
5.93692e-07, 0.355999
5.92593e-07, 0.356562
5.91497e-07, 0.356542
5.90406e-07, 0.356931
5.89319e-07, 0.357203
5.88235e-07, 0.357308
5.87156e-07, 0.357769
5.86081e-07, 0.357835
5.85009e-07, 0.358205
5.83942e-07, 0.358446
5.82878e-07, 0.358633
5.81818e-07, 0.359015
5.80762e-07, 0.359145
5.7971e-07, 0.359504
5.78662e-07, 0.359723
5.77617e-07, 0.359973
5.76577e-07, 0.360294
5.7554e-07, 0.360482
5.74506e-07, 0.360824
5.73477e-07, 0.361038
5.72451e-07, 0.36133
5.71429e-07, 0.361608
5.7041e-07, 0.361847
5.69395e-07, 0.362163
5.68384e-07, 0.362393
5.67376e-07, 0.362701
5.66372e-07, 0.362958
5.65371e-07, 0.363237
5.64374e-07, 0.363526
5.6338e-07, 0.363786
5.6239e-07, 0.364089
5.61404e-07, 0.364349
5.6042e-07, 0.364648
5.59441e-07, 0.364923
5.58464e-07, 0.365209
5.57491e-07, 0.3655
5.56522e-07, 0.365779
5.55556e-07, 0.366078
5.54593e-07, 0.366358
5.53633e-07, 0.366657
5.52677e-07, 0.366943
5.51724e-07, 0.36724
5.50775e-07, 0.367534
5.49828e-07, 0.367829
5.48885e-07, 0.368129
5.47945e-07, 0.368424
5.47009e-07, 0.368727
5.46075e-07, 0.369025
5.45145e-07, 0.36933
5.44218e-07, 0.369631
5.43294e-07, 0.369938
5.42373e-07, 0.370243
5.41455e-07, 0.370551
5.40541e-07, 0.37086
5.39629e-07, 0.371169
5.38721e-07, 0.371482
5.37815e-07, 0.371794
5.36913e-07, 0.372109
5.36013e-07, 0.372424
5.35117e-07, 0.372741
5.34224e-07, 0.373059
5.33333e-07, 0.373379
5.32446e-07, 0.3737
5.31561e-07, 0.374022
5.3068e-07, 0.374346
5.29801e-07, 0.374672
5.28926e-07, 0.374998
5.28053e-07, 0.375326
5.27183e-07, 0.375656
5.26316e-07, 0.375987
5.25452e-07, 0.376319
5.2459e-07, 0.376653
5.23732e-07, 0.376989
5.22876e-07, 0.377325
5.22023e-07, 0.377664
5.21173e-07, 0.378004
5.20325e-07, 0.378345
5.19481e-07, 0.378688
5.18639e-07, 0.379032
5.17799e-07, 0.379378
5.16963e-07, 0.379726
5.16129e-07, 0.380075
5.15298e-07, 0.380425
5.14469e-07, 0.380777
5.13644e-07, 0.381131
5.12821e-07, 0.381486
5.12e-07, 0.381843
5.11182e-07, 0.382202
5.10367e-07, 0.382562
5.09554e-07, 0.382923
5.08744e-07, 0.383287
5.07937e-07, 0.383652
5.07132e-07, 0.384019
5.06329e-07, 0.384387
5.05529e-07, 0.384757
5.04732e-07, 0.385129
5.03937e-07, 0.385502
5.03145e-07, 0.385877
5.02355e-07, 0.386254
5.01567e-07, 0.386632
5.00782e-07, 0.387013
5e-07, 0.387395
4.9922e-07, 0.387779
4.98442e-07, 0.388164
4.97667e-07, 0.388552
4.96894e-07, 0.388941
4.96124e-07, 0.389332
4.95356e-07, 0.389724
4.9459e-07, 0.390119
4.93827e-07, 0.390516
4.93066e-07, 0.390914
4.92308e-07, 0.391314
4.91551e-07, 0.391716
4.90798e-07, 0.39212
4.90046e-07, 0.392526
4.89297e-07, 0.392934
4.8855e-07, 0.393343
4.87805e-07, 0.393755
4.87062e-07, 0.394169
4.86322e-07, 0.394584
4.85584e-07, 0.395002
4.84848e-07, 0.395421
4.84115e-07, 0.395843
4.83384e-07, 0.396266
4.82655e-07, 0.396692
4.81928e-07, 0.39712
4.81203e-07, 0.397549
4.8048e-07, 0.397981
4.7976e-07, 0.398415
4.79042e-07, 0.398851
4.78326e-07, 0.399289
4.77612e-07, 0.399729
4.769e-07, 0.400172
4.7619e-07, 0.400616
4.75483e-07, 0.401063
4.74777e-07, 0.401512
4.74074e-07, 0.401963
4.73373e-07, 0.402416
4.72674e-07, 0.402872
4.71976e-07, 0.40333
4.71281e-07, 0.40379
4.70588e-07, 0.404252
4.69897e-07, 0.404717
4.69208e-07, 0.405184
4.68521e-07, 0.405653
4.67836e-07, 0.406125
4.67153e-07, 0.406599
4.66472e-07, 0.407075
4.65793e-07, 0.407554
4.65116e-07, 0.408035
4.64441e-07, 0.408519
4.63768e-07, 0.409005
4.63097e-07, 0.409494
4.62428e-07, 0.409985
4.6176e-07, 0.410478
4.61095e-07, 0.410975
4.60432e-07, 0.411473
4.5977e-07, 0.411974
4.5911e-07, 0.412478
4.58453e-07, 0.412985
4.57797e-07, 0.413494
4.57143e-07, 0.414005
4.56491e-07, 0.41452
4.5584e-07, 0.415037
4.55192e-07, 0.415557
4.54545e-07, 0.416079
4.53901e-07, 0.416604
4.53258e-07, 0.417132
4.52617e-07, 0.417663
4.51977e-07, 0.418197
4.5134e-07, 0.418733
4.50704e-07, 0.419272
4.5007e-07, 0.419814
4.49438e-07, 0.42036
4.48808e-07, 0.420907
4.48179e-07, 0.421458
4.47552e-07, 0.422012
4.46927e-07, 0.422569
4.46304e-07, 0.423129
4.45682e-07, 0.423692
4.45063e-07, 0.424258
4.44444e-07, 0.424827
4.43828e-07, 0.425399
4.43213e-07, 0.425974
4.426e-07, 0.426553
4.41989e-07, 0.427134
4.41379e-07, 0.427719
4.40771e-07, 0.428307
4.40165e-07, 0.428899
4.3956e-07, 0.429493
4.38957e-07, 0.430091
4.38356e-07, 0.430692
4.37756e-07, 0.431297
4.37158e-07, 0.431905
4.36562e-07, 0.432517
4.35967e-07, 0.433132
4.35374e-07, 0.43375
4.34783e-07, 0.434372
4.34193e-07, 0.434998
4.33604e-07, 0.435627
4.33018e-07, 0.436259
4.32432e-07, 0.436896
4.31849e-07, 0.437536
4.31267e-07, 0.438179
4.30686e-07, 0.438827
4.30108e-07, 0.439478
4.2953e-07, 0.440133
4.28954e-07, 0.440792
4.2838e-07, 0.441455
4.27807e-07, 0.442121
4.27236e-07, 0.442792
4.26667e-07, 0.443466
4.26099e-07, 0.444145
4.25532e-07, 0.444828
4.24967e-07, 0.445514
4.24403e-07, 0.446205
4.23841e-07, 0.4469
4.2328e-07, 0.447599
4.22721e-07, 0.448302
4.22164e-07, 0.44901
4.21607e-07, 0.449722
4.21053e-07, 0.450438
4.20499e-07, 0.451159
4.19948e-07, 0.451884
4.19397e-07, 0.452614
4.18848e-07, 0.453348
4.18301e-07, 0.454086
4.17755e-07, 0.45483
4.1721e-07, 0.455577
4.16667e-07, 0.45633
4.16125e-07, 0.457087
4.15584e-07, 0.457849
4.15045e-07, 0.458616
4.14508e-07, 0.459388
4.13972e-07, 0.460165
4.13437e-07, 0.460946
4.12903e-07, 0.461733
4.12371e-07, 0.462525
4.1184e-07, 0.463321
4.11311e-07, 0.464123
4.10783e-07, 0.464931
4.10256e-07, 0.465743
4.09731e-07, 0.466561
4.09207e-07, 0.467384
4.08685e-07, 0.468213
4.08163e-07, 0.469047
4.07643e-07, 0.469886
4.07125e-07, 0.470731
4.06607e-07, 0.471582
4.06091e-07, 0.472439
4.05577e-07, 0.473301
4.05063e-07, 0.474169
4.04551e-07, 0.475043
4.0404e-07, 0.475923
4.03531e-07, 0.476809
4.03023e-07, 0.477701
4.02516e-07, 0.4786
4.0201e-07, 0.479504
4.01506e-07, 0.480415
4.01003e-07, 0.481332
4.00501e-07, 0.482255
4e-07, 0.483185



lambda(m), Y
8e-07, 0.108732
7.98005e-07, 0.102198
7.9602e-07, 0.0893224
7.94045e-07, 0.0999348
7.92079e-07, 0.0979375
7.90123e-07, 0.0843319
7.88177e-07, 0.0918069
7.86241e-07, 0.0930621
7.84314e-07, 0.0797741
7.82396e-07, 0.0844364
7.80488e-07, 0.0877342
7.78589e-07, 0.0754609
7.76699e-07, 0.077796
7.74818e-07, 0.0821526
7.72947e-07, 0.0712674
7.71084e-07, 0.071804
7.69231e-07, 0.0765053
7.67386e-07, 0.067123
7.6555e-07, 0.0663625
7.63723e-07, 0.0709421
7.61905e-07, 0.0629996
7.60095e-07, 0.0613789
7.58294e-07, 0.0655667
7.56501e-07, 0.0588993
7.54717e-07, 0.0567748
7.52941e-07, 0.0604415
7.51174e-07, 0.0548426
7.49415e-07, 0.0524889
7.47664e-07, 0.0555971
7.45921e-07, 0.0508583
7.44186e-07, 0.0484758
7.42459e-07, 0.051042
7.40741e-07, 0.0469774
7.3903e-07, 0.044704
7.37327e-07, 0.0467714
7.35632e-07, 0.043228
7.33945e-07, 0.0411518
7.32265e-07, 0.0427735
7.30594e-07, 0.0396338
7.28929e-07, 0.0378049
7.27273e-07, 0.0390333
7.25624e-07, 0.0362129
7.23982e-07, 0.0346537
7.22348e-07, 0.0355353
7.20721e-07, 0.0329785
7.19101e-07, 0.0316909
7.17489e-07, 0.0322652
7.15884e-07, 0.0299392
7.14286e-07, 0.02891
7.12695e-07, 0.0292103
7.11111e-07, 0.0270997
7.09534e-07, 0.0263047
7.07965e-07, 0.0263601
7.06402e-07, 0.0244615
7.04846e-07, 0.0238677
7.03297e-07, 0.0237063
7.01754e-07, 0.0220229
7.00219e-07, 0.0215912
6.9869e-07, 0.0212428
6.97168e-07, 0.0197795
6.95652e-07, 0.0194668
6.94143e-07, 0.0189651
6.92641e-07, 0.0177242
6.91145e-07, 0.0174861
6.89655e-07, 0.0168698
6.88172e-07, 0.0158475
6.86695e-07, 0.0156414
6.85225e-07, 0.0149538
6.83761e-07, 0.0141376
6.82303e-07, 0.0139267
6.80851e-07, 0.0132134
6.79406e-07, 0.012581
6.77966e-07, 0.0123382
6.76533e-07, 0.0116429
6.75105e-07, 0.0111631
6.73684e-07, 0.0108742
6.72269e-07, 0.0102344
6.7086e-07, 0.00986985
6.69456e-07, 0.00953482
6.68058e-07, 0.00897705
6.66667e-07, 0.00868861
6.65281e-07, 0.00832046
6.639e-07, 0.00785758
6.62526e-07, 0.00760956
6.61157e-07, 0.00723054
6.59794e-07, 0.00686094
6.58436e-07, 0.00662638
6.57084e-07, 0.00626184
6.55738e-07, 0.0059718
6.54397e-07, 0.00573598
6.53061e-07, 0.00540771
6.51731e-07, 0.00517619
6.50407e-07, 0.00493719
6.49087e-07, 0.00465822
6.47773e-07, 0.00446304
6.46465e-07, 0.00422874
6.45161e-07, 0.00400126
6.43863e-07, 0.0038249
6.4257e-07, 0.00360744
6.41283e-07, 0.00342426
6.4e-07, 0.00325755
6.38723e-07, 0.0030672
6.3745e-07, 0.00291617
6.36183e-07, 0.00275835
6.34921e-07, 0.00259942
6.33663e-07, 0.0024687
6.32411e-07, 0.00232427
6.31164e-07, 0.00219443
6.29921e-07, 0.00207646
6.28684e-07, 0.00195053
6.27451e-07, 0.0018432
6.26223e-07, 0.00173586
6.25e-07, 0.00163053
6.23782e-07, 0.00153871
6.22568e-07, 0.00144345
6.21359e-07, 0.00135688
6.20155e-07, 0.00127608
6.18956e-07, 0.00119477
6.17761e-07, 0.00112281
6.1657e-07, 0.00105171
6.15385e-07, 0.000984371
6.14203e-07, 0.000923054
6.13027e-07, 0.000862046
6.11855e-07, 0.000806644
6.10687e-07, 0.000753768
6.09524e-07, 0.000702982
6.08365e-07, 0.000656773
6.07211e-07, 0.00061173
6.06061e-07, 0.000570103
6.04915e-07, 0.000531061
6.03774e-07, 0.000493631
6.02637e-07, 0.000459374
6.01504e-07, 0.000426551
6.00375e-07, 0.000395998
5.99251e-07, 0.000367542
5.98131e-07, 0.000340473
5.97015e-07, 0.000315577
5.95903e-07, 0.000292004
5.94796e-07, 0.000270053
5.93692e-07, 0.000249664
5.92593e-07, 0.000230437
5.91497e-07, 0.000212715
5.90406e-07, 0.000196073
5.89319e-07, 0.00018062
5.88235e-07, 0.000166292
5.87156e-07, 0.000152889
5.86081e-07, 0.000140536
5.85009e-07, 0.00012901
5.83942e-07, 0.000118352
5.82878e-07, 0.00010849
5.81818e-07, 9.93335e-05
5.80762e-07, 9.09049e-05
5.7971e-07, 8.30876e-05
5.78662e-07, 7.58911e-05
5.77617e-07, 6.92511e-05
5.76577e-07, 6.31271e-05
5.7554e-07, 5.75031e-05
5.74506e-07, 5.23183e-05
5.73477e-07, 4.75653e-05
5.72451e-07, 4.31973e-05
5.71429e-07, 3.91932e-05
5.7041e-07, 3.55274e-05
5.69395e-07, 3.21688e-05
5.68384e-07, 2.91024e-05
5.67376e-07, 2.62983e-05
5.66372e-07, 2.3742e-05
5.65371e-07, 2.14111e-05
5.64374e-07, 1.92886e-05
5.6338e-07, 1.73589e-05
5.6239e-07, 1.56045e-05
5.61404e-07, 1.40131e-05
5.6042e-07, 1.25695e-05
5.59441e-07, 1.12625e-05
5.58464e-07, 1.008e-05
5.57491e-07, 9.01132e-06
5.56522e-07, 8.04689e-06
5.55556e-07, 7.17714e-06
5.54593e-07, 6.3941e-06
5.53633e-07, 5.68957e-06
5.52677e-07, 5.05672e-06
5.51724e-07, 4.48874e-06
5.50775e-07, 3.97971e-06
5.49828e-07, 3.52402e-06
5.48885e-07, 3.11659e-06
5.47945e-07, 2.75279e-06
5.47009e-07, 2.42831e-06
5.46075e-07, 2.13932e-06
5.45145e-07, 1.88224e-06
5.44218e-07, 1.65386e-06
5.43294e-07, 1.45124e-06
5.42373e-07, 1.27172e-06
5.41455e-07, 1.11287e-06
5.40541e-07, 9.72509e-07
5.39629e-07, 8.4866e-07
5.38721e-07, 7.39529e-07
5.37815e-07, 6.43507e-07
5.36913e-07, 5.59136e-07
5.36013e-07, 4.85114e-07
5.35117e-07, 4.20264e-07
5.34224e-07, 3.63536e-07
5.33333e-07, 3.13985e-07
5.32446e-07, 2.70771e-07
5.31561e-07, 2.3314e-07
5.3068e-07, 2.00422e-07
5.29801e-07, 1.72021e-07
5.28926e-07, 1.47406e-07
5.28053e-07, 1.26106e-07
5.27183e-07, 1.07706e-07
5.26316e-07, 9.18367e-08
5.25452e-07, 7.81729e-08
5.2459e-07, 6.6428e-08
5.23732e-07, 5.63498e-08
5.22876e-07, 4.77167e-08
5.22023e-07, 4.03345e-08
5.21173e-07, 3.40331e-08
5.20325e-07, 2.86638e-08
5.19481e-07, 2.40972e-08
5.18639e-07, 2.02204e-08
5.17799e-07, 1.69353e-08
5.16963e-07, 1.41568e-08
5.16129e-07, 1.18113e-08
5.15298e-07, 9.83508e-09
5.14469e-07, 8.17331e-09
5.13644e-07, 6.7787e-09
5.12821e-07, 5.61064e-09
5.12e-07, 4.6343e-09
5.11182e-07, 3.8199e-09
5.10367e-07, 3.14198e-09
5.09554e-07, 2.57887e-09
5.08744e-07, 2.1121e-09
5.07937e-07, 1.72604e-09
5.07132e-07, 1.40742e-09
5.06329e-07, 1.14504e-09
5.05529e-07, 9.29461e-10
5.04732e-07, 7.52736e-10
5.03937e-07, 6.08194e-10
5.03145e-07, 4.90249e-10
5.02355e-07, 3.94233e-10
5.01567e-07, 3.16255e-10
5.00782e-07, 2.5308e-10
5e-07, 2.02022e-10
4.9922e-07, 1.6086e-10
4.98442e-07, 1.27759e-10
4.97667e-07, 1.01207e-10
4.96894e-07, 7.99648e-11
4.96124e-07, 6.30137e-11
4.95356e-07, 4.95229e-11
4.9459e-07, 3.88148e-11
4.93827e-07, 3.03383e-11
4.93066e-07, 2.36469e-11
4.92308e-07, 1.83794e-11
4.91551e-07, 1.42443e-11
4.90798e-07, 1.10076e-11
4.90046e-07, 8.48143e-12
4.89297e-07, 6.51553e-12
4.8855e-07, 4.99021e-12
4.87805e-07, 3.8103e-12
4.87062e-07, 2.90037e-12
4.86322e-07, 2.20081e-12
4.85584e-07, 1.66467e-12
4.84848e-07, 1.25508e-12
4.84115e-07, 9.4318e-13
4.83384e-07, 7.06443e-13
4.82655e-07, 5.2735e-13
4.81928e-07, 3.92321e-13
4.81203e-07, 2.9086e-13
4.8048e-07, 2.14884e-13
4.7976e-07, 1.58192e-13
4.79042e-07, 1.16038e-13
4.78326e-07, 8.48067e-14
4.77612e-07, 6.17524e-14
4.769e-07, 4.47969e-14
4.7619e-07, 3.23735e-14
4.75483e-07, 2.33054e-14
4.74777e-07, 1.67118e-14
4.74074e-07, 1.19362e-14
4.73373e-07, 8.49108e-15
4.72674e-07, 6.01571e-15
4.71976e-07, 4.24437e-15
4.71281e-07, 2.98205e-15
4.70588e-07, 2.08626e-15
4.69897e-07, 1.45327e-15
4.69208e-07, 1.0079e-15
4.68521e-07, 6.95924e-16
4.67836e-07, 4.7835e-16
4.67153e-07, 3.27298e-16
4.66472e-07, 2.22907e-16
4.65793e-07, 1.51098e-16
4.65116e-07, 1.01933e-16
4.64441e-07, 6.84334e-17
4.63768e-07, 4.57175e-17
4.63097e-07, 3.03898e-17
4.62428e-07, 2.00988e-17
4.6176e-07, 1.32245e-17
4.61095e-07, 8.65604e-18
4.60432e-07, 5.63582e-18
4.5977e-07, 3.64971e-18
4.5911e-07, 2.35065e-18
4.58453e-07, 1.5056e-18
4.57797e-07, 9.58926e-19
4.57143e-07, 6.07266e-19
4.56491e-07, 3.82342e-19
4.5584e-07, 2.39313e-19
4.55192e-07, 1.48896e-19
4.54545e-07, 9.20789e-20
4.53901e-07, 5.65924e-20
4.53258e-07, 3.45648e-20
4.52617e-07, 2.09771e-20
4.51977e-07, 1.26488e-20
4.5134e-07, 7.57712e-21
4.50704e-07, 4.5088e-21
4.5007e-07, 2.66486e-21
4.49438e-07, 1.56422e-21
4.48808e-07, 9.11772e-22
4.48179e-07, 5.27701e-22
4.47552e-07, 3.03217e-22
4.46927e-07, 1.72955e-22
4.46304e-07, 9.79211e-23
4.45682e-07, 5.5021e-23
4.45063e-07, 3.06787e-23
4.44444e-07, 1.69725e-23
4.43828e-07, 9.31541e-24
4.43213e-07, 5.07161e-24
4.426e-07, 2.73854e-24
4.41989e-07, 1.46644e-24
4.41379e-07, 7.78612e-25
4.40771e-07, 4.09851e-25
4.40165e-07, 2.13854e-25
4.3956e-07, 1.10593e-25
4.38957e-07, 5.66757e-26
4.38356e-07, 2.87776e-26
4.37756e-07, 1.44754e-26
4.37158e-07, 7.21207e-27
4.36562e-07, 3.5585e-27
4.35967e-07, 1.73853e-27
4.35374e-07, 8.40867e-28
4.34783e-07, 4.02559e-28
4.34193e-07, 1.90726e-28
4.33604e-07, 8.9411e-29
4.33018e-07, 4.14658e-29
4.32432e-07, 1.90206e-29
4.31849e-07, 8.62799e-30
4.31267e-07, 3.86955e-30
4.30686e-07, 1.71549e-30
4.30108e-07, 7.51625e-31
4.2953e-07, 3.25394e-31
4.28954e-07, 1.39161e-31
4.2838e-07, 5.87799e-32
4.27807e-07, 2.45158e-32
4.27236e-07, 1.00941e-32
4.26667e-07, 4.10194e-33
4.26099e-07, 1.64478e-33
4.25532e-07, 6.50603e-34
4.24967e-07, 2.53806e-34
4.24403e-07, 9.76234e-35
4.23841e-07, 3.70131e-35
4.2328e-07, 1.3829e-35
4.22721e-07, 5.09022e-36
4.22164e-07, 1.84531e-36
4.21607e-07, 6.58667e-37
4.21053e-07, 2.31416e-37
4.20499e-07, 8.00056e-38
4.19948e-07, 2.72089e-38
4.19397e-07, 9.09971e-39
4.18848e-07, 2.99176e-39
4.18301e-07, 9.66635e-40
4.17755e-07, 3.06822e-40
4.1721e-07, 9.56411e-41
4.16667e-07, 2.92672e-41
4.16125e-07, 8.78893e-42
4.15584e-07, 2.58907e-42
4.15045e-07, 7.47889e-43
4.14508e-07, 2.11759e-43
4.13972e-07, 5.87465e-44
4.13437e-07, 1.59616e-44
4.12903e-07, 4.24558e-45
4.12371e-07, 1.10503e-45
4.1184e-07, 2.81315e-46
4.11311e-07, 7.00151e-47
4.10783e-07, 1.7028e-47
4.10256e-07, 4.04483e-48
4.09731e-07, 9.37954e-49
4.09207e-07, 2.1222e-49
4.08685e-07, 4.68261e-50
4.08163e-07, 1.00705e-50
4.07643e-07, 2.10976e-51
4.07125e-07, 4.30317e-52
4.06607e-07, 8.54012e-53
4.06091e-07, 1.64816e-53
4.05577e-07, 3.09119e-54
4.05063e-07, 5.6308e-55
4.04551e-07, 9.95519e-56
4.0404e-07, 1.70716e-56
4.03531e-07, 2.83755e-57
4.03023e-07, 4.56829e-58
4.02516e-07, 7.11851e-59
4.0201e-07, 1.07282e-59
4.01506e-07, 1.56254e-60
4.01003e-07, 2.19767e-61
4.00501e-07, 2.9824e-62
4e-07, 3.90195e-63



